service_id,monday,tuesday,wednesday,thursday,friday,saturday,sunday,start_date,end_date
BUS20262-hba26011-Weekday-02,1,1,1,1,1,0,0,20260514,20260612
BUS20262-hbb26016-Saturday-02,0,0,0,0,0,1,0,20260516,20260606
BUS20262-hbb26wk1-Weekday-02,1,1,1,1,0,0,0,20260514,20260611
BUS20262-hbc26016-Saturday-02,0,0,0,0,0,1,0,20260516,20260606
BUS20262-hbc26wk1-Weekday-02,1,1,1,1,0,0,0,20260514,20260611
BUS20262-hbf26011-Weekday-02,1,1,1,1,1,0,0,20260514,20260612
BUS20262-hbg26016-Saturday-02,0,0,0,0,0,1,0,20260516,20260606
BUS20262-hbg26wk1-Weekday-02,1,1,1,1,0,0,0,20260514,20260611
BUS20262-hbl26016-Saturday-02,0,0,0,0,0,1,0,20260516,20260606
BUS20262-hbl26wk1-Weekday-02,1,1,1,1,0,0,0,20260514,20260611
BUS20262-hbq26016-Saturday-02,0,0,0,0,0,1,0,20260516,20260606
BUS20262-hbq26wk1-Weekday-02,1,1,1,1,0,0,0,20260514,20260611
BUS20262-hbs26016-Saturday-02,0,0,0,0,0,1,0,20260516,20260606
BUS20262-hbs26fw1-Weekday-02,0,0,0,0,1,0,0,20260515,20260605
BUS20262-hbs26sr1-Weekday-02,0,0,0,1,0,0,0,20260611,20260611
BUS20262-hbs26sw1-Weekday-02,1,1,1,1,0,0,0,20260514,20260610
BUS20262-hbs26sy1-Weekday-02,0,0,0,0,1,0,0,20260612,20260612
BUS20262-hbt26016-Saturday-02,0,0,0,0,0,1,0,20260516,20260606
BUS20262-hbt26wk1-Weekday-02,1,1,1,1,0,0,0,20260514,20260611
Boat-EastBoston-Saturday-Summer-26,0,0,0,0,0,1,0,20260516,20260613
Boat-EastBoston-Sunday-Summer-26,0,0,0,0,0,0,1,20260517,20260607
Boat-EastBoston-Weekday-Summer-26,1,1,1,1,1,0,0,20260514,20260612
Boat-F1-Saturday-Summer-26,0,0,0,0,0,1,0,20260523,20260613
Boat-F1-Sunday-Summer-26,1,0,0,0,0,0,1,20260524,20260531
Boat-F1-Weekday-Summer-26,1,1,1,1,1,0,0,20260514,20260612
Boat-F2H-Saturday-Summer-26,0,0,0,0,0,1,0,20260523,20260613
Boat-F2H-Sunday-Summer-26,1,0,0,0,0,0,1,20260524,20260531
Boat-F2H-Weekday-Summer-26,1,1,1,1,1,0,0,20260514,20260612
Boat-F4-Saturday-Summer-26,0,0,0,0,0,1,0,20260516,20260613
Boat-F4-Sunday-Summer-26,0,0,0,0,0,0,1,20260517,20260607
Boat-F4-Weekday-Summer-26,1,1,1,1,1,0,0,20260514,20260612
Boat-F6-Weekday-Summer-26,1,1,1,1,1,0,0,20260514,20260612
Boat-F7-Weekday-Summer-26,1,1,1,1,1,0,0,20260514,20260612
Boat-F8-Saturday-Summer-26,0,0,0,0,0,1,0,20260523,20260613
Boat-F8-Sunday-Summer-26,1,0,0,0,0,0,1,20260524,20260531
Boat-Lynn-Saturday-Summer-26,0,0,0,0,0,1,0,20260523,20260613
Boat-Lynn-Sunday-Summer-26,1,0,0,0,0,0,1,20260524,20260531
Boat-Lynn-Weekday-Summer-26,1,1,1,1,1,0,0,20260518,20260612
Boat-Lynn-Weekday-Whale-Summer-26,0,0,0,1,1,0,0,20260514,20260515
CR-FoxboroWalpoleShuttle-SummerWeekday,1,1,1,1,1,0,0,20260526,20260605
CR-FoxboroWalpoleShuttle-Weekday,1,1,1,1,1,0,0,20260514,20260522
CR-WorcesterGrafton-Saturday,0,0,0,0,0,1,0,20260516,20260516
CR-WorcesterGrafton-Sunday,0,0,0,0,0,0,1,20260517,20260517
DIV20262-hlm26ml1-Weekday-01-Scd2b633c,0,0,0,1,0,0,0,20260514,20260514
DIV20262-hms26fi1-Weekday-01,0,0,0,0,1,0,0,20260515,20260515
DIV20262-hms26fr1-Weekday-01,0,0,0,0,1,0,0,20260529,20260529
DIV20262-hms26mo1-Weekday-01,1,0,0,0,0,0,0,20260518,20260518
DIV20262-hms26oh6-Saturday-01,0,0,0,0,0,1,0,20260530,20260530
DIV20262-hms26oh7-Sunday-01,0,0,0,0,0,0,1,20260531,20260531
DIV20262-hms26rs1-Weekday-01,0,0,0,1,0,0,0,20260514,20260514
DIV20262-hms26rs6-Saturday-01,0,0,0,0,0,1,0,20260516,20260516
DIV20262-hms26rs7-Sunday-01,0,0,0,0,0,0,1,20260517,20260517
FALL 2025-NORTHSS-Weekend-1,0,0,0,0,0,1,1,20260516,20260524
FALL 2025-NORTHSS-Weekend-1-S6561ad1d,0,0,0,0,0,1,1,20260516,20260524
FALL 2025-NORTHSS-Weekend-1-S7d8482ee,0,0,0,0,0,1,1,20260516,20260524
FALL 2025-NORTHSS-Weekend-1-S9d378dcf,0,0,0,0,0,1,1,20260516,20260524
FALL 2025-NORTHWKD-Weekday-21A,1,1,1,1,1,0,0,20260514,20260522
FALL 2025-NORTHWKD-Weekday-21A-S6d,1,1,1,1,1,0,0,20260514,20260522
FALL 2025-NORTHWKD-Weekday-21A-S72,1,1,1,1,1,0,0,20260514,20260522
FALL 2025-NORTHWKD-Weekday-21A-S9f,1,1,1,1,1,0,0,20260514,20260522
FALL 2025-SOUTHSS-Weekend-1A-BsUpd,0,0,0,0,0,1,1,20260523,20260524
FALL 2025-SOUTHSS-Weekend-28,0,0,0,0,0,1,1,20260516,20260517
FALL 2025-SOUTHSS-Weekend-28-S0b87ffae,0,0,0,0,0,1,1,20260516,20260517
FALL 2025-SOUTHSS-Weekend-28-S85407dc6,0,0,0,0,0,1,1,20260516,20260517
FALL 2025-SOUTHSS-Weekend-28-Sb0e4ed14,0,0,0,0,0,1,1,20260516,20260517
FALL 2025-SOUTHSS-Weekend-28-Sb7371956,0,0,0,0,0,1,1,20260516,20260517
FALL 2025-SOUTHSS-Weekend-28-Sc9a3b080,0,0,0,0,0,1,1,20260516,20260517
FALL 2025-SOUTHSS-Weekend-28-Scb37d3c2,0,0,0,0,0,1,1,20260516,20260517
FALL 2025-SOUTHSS-Weekend-28-Sd88ed885,0,0,0,0,0,1,1,20260516,20260517
FALL 2025-SOUTHSS-Weekend-29-S4011ecb9,0,0,0,0,0,1,1,20260523,20260524
FALL 2025-SOUTHWKD-Weekday-1B,1,1,1,1,1,0,0,20260514,20260522
FALL 2025-SOUTHWKD-Weekday-1B-S0b87ffae,1,1,1,1,1,0,0,20260514,20260522
FALL 2025-SOUTHWKD-Weekday-1B-S85407dc6,1,1,1,1,1,0,0,20260514,20260522
FALL 2025-SOUTHWKD-Weekday-1B-Sb0e4ed14,1,1,1,1,1,0,0,20260514,20260522
FALL 2025-SOUTHWKD-Weekday-1B-Sb7371956,1,1,1,1,1,0,0,20260514,20260522
FALL 2025-SOUTHWKD-Weekday-1B-Sc9a3b080,1,1,1,1,1,0,0,20260514,20260522
FALL 2025-SOUTHWKD-Weekday-1B-Scb37d3c2,1,1,1,1,1,0,0,20260514,20260522
FALL 2025-SOUTHWKD-Weekday-1B-Sd88ed885,1,1,1,1,1,0,0,20260514,20260522
FALL 2025-SOUTHWKD-Weekday-29-5-S49,0,0,0,0,1,0,0,20260522,20260522
FLL 2025-SOUTHSS-Wnd-1A-BaseUpdated-S0f,0,0,0,0,0,1,1,20260523,20260524
FLL 2025-SOUTHSS-Wnd-1A-BaseUpdated-S86,0,0,0,0,0,1,1,20260523,20260524
FLL 2025-SOUTHSS-Wnd-1A-BaseUpdated-Sb4,0,0,0,0,0,1,1,20260523,20260524
FLL 2025-SOUTHSS-Wnd-1A-BaseUpdated-Sb6,0,0,0,0,0,1,1,20260523,20260524
FLL 2025-SOUTHSS-Wnd-1A-BaseUpdated-Sc0,0,0,0,0,0,1,1,20260523,20260524
FLL 2025-SOUTHSS-Wnd-1A-BaseUpdated-Sc2,0,0,0,0,0,1,1,20260523,20260524
FLL 2025-SOUTHSS-Wnd-1A-BaseUpdated-Sd5,0,0,0,0,0,1,1,20260523,20260524
LRV20262-hlb26011-Weekday-01,1,1,1,1,0,0,0,20260514,20260611
LRV20262-hlb26011-Weekday-01-S037dae5e,1,1,1,1,0,0,0,20260514,20260611
LRV20262-hlb26011-Weekday-01-Sf7c012df,1,1,1,1,0,0,0,20260518,20260611
LRV20262-hlb26016-Saturday-01,0,0,0,0,0,1,0,20260516,20260606
LRV20262-hlb26016-Saturday-01-S037dae5e,0,0,0,0,0,1,0,20260516,20260606
LRV20262-hlb26016-Saturday-01-Sf7c012df,0,0,0,0,0,1,0,20260523,20260606
LRV20262-hlb26017-Sunday-01-Sf7c012df,0,0,0,0,0,0,1,20260524,20260607
LRV20262-hlb26fr1-Weekday-01-Sf7c012df,0,0,0,0,1,0,0,20260522,20260612
LRV20262-hlm26011-Weekday-01-Scd2b633c,1,1,1,1,0,0,0,20260518,20260611
LRV20262-hlm26016-Saturday-01-Scd2b633c,0,0,0,0,0,1,0,20260516,20260606
MemorialDay,0,0,0,0,0,0,0,20260525,20260525
PRIV20262-hpa26011-Weekday-01,1,1,1,1,1,0,0,20260514,20260612
PRIV20262-hpa26016-Saturday-01,0,0,0,0,0,1,0,20260516,20260516
PRIV20262-hpa26017-Sunday-01,0,0,0,0,0,0,1,20260517,20260517
PRIV20262-hpa26sp6-Saturday-01,0,0,0,0,0,1,0,20260523,20260613
PRIV20262-hpa26sp7-Sunday-01,1,0,0,0,0,0,1,20260524,20260531
PRIV20262-hpj26011-Weekday-01,1,1,1,1,1,0,0,20260514,20260612
PRIV20262-hpj26016-Saturday-01,0,0,0,0,0,1,0,20260516,20260613
PRIV20262-hpj26017-Sunday-01,0,0,0,0,0,0,1,20260517,20260607
PRIV20262-hpp26011-Weekday-01,1,1,1,1,1,0,0,20260514,20260612
PRIV20262-hpp26016-Saturday-01,0,0,0,0,0,1,0,20260516,20260606
RTL20262-hmb26011-Weekday-01,1,1,1,1,0,0,0,20260514,20260611
RTL20262-hmb26016-Saturday-01,0,0,0,0,0,1,0,20260516,20260606
RTL20262-hmo26011-Weekday-01,1,1,1,1,0,0,0,20260514,20260611
RTL20262-hmo26016-Saturday-01,0,0,0,0,0,1,0,20260516,20260606
RTL20262-hms26011-Weekday-01,1,1,1,1,0,0,0,20260519,20260611
RTL20262-hms26016-Saturday-01,0,0,0,0,0,1,0,20260523,20260523
RTL20262-hms26017-Sunday-01,0,0,0,0,0,0,1,20260524,20260524
RTL20262-hms26fr1-Weekday-01,0,0,0,0,1,0,0,20260522,20260612
Red-26-Friday-56046,0,0,0,0,1,0,0,20260529,20260529
Red-26-Saturday-56046,0,0,0,0,0,1,0,20260530,20260530
Red-26-Sunday-56046,0,0,0,0,0,0,1,20260531,20260531
Red-35-Friday-56046,0,0,0,0,1,0,0,20260529,20260529
Red-35-Saturday-56046,0,0,0,0,0,1,0,20260530,20260530
Red-35-Sunday-56046,0,0,0,0,0,0,1,20260531,20260531
SPRING2026-NORTHSS-Weekend-1,0,0,0,0,0,1,1,20260525,20260613
SPRING2026-NORTHSS-Weekend-1-S6561ad1d,0,0,0,0,0,1,1,20260525,20260613
SPRING2026-NORTHSS-Weekend-1-S7d8482ee,0,0,0,0,0,1,1,20260525,20260613
SPRING2026-NORTHSS-Weekend-1-S9d378dcf,0,0,0,0,0,1,1,20260525,20260613
SPRING2026-NORTHWKD-Weekday-1,1,1,1,1,1,0,0,20260526,20260605
SPRING2026-NORTHWKD-Weekday-1-S6561ad1d,1,1,1,1,1,0,0,20260526,20260605
SPRING2026-NORTHWKD-Weekday-1-S7d8482ee,1,1,1,1,1,0,0,20260526,20260605
SPRING2026-NORTHWKD-Weekday-1-S9d378dcf,1,1,1,1,1,0,0,20260526,20260605
SPRING2026-SOUTHSS-Weekend-1,1,0,0,0,0,1,1,20260606,20260607
SPRING2026-SOUTHSS-Weekend-1-S0b87ffae,1,0,0,0,0,1,1,20260606,20260607
SPRING2026-SOUTHSS-Weekend-1-S4011ecb9,0,0,0,0,0,1,1,20260606,20260613
SPRING2026-SOUTHSS-Weekend-1-S85407dc6,1,0,0,0,0,1,1,20260606,20260607
SPRING2026-SOUTHSS-Weekend-1-Sb0e4ed14,1,0,0,0,0,1,1,20260606,20260607
SPRING2026-SOUTHSS-Weekend-1-Sb7371956,1,0,0,0,0,1,1,20260606,20260607
SPRING2026-SOUTHSS-Weekend-1-Sc9a3b080,1,0,0,0,0,1,1,20260606,20260607
SPRING2026-SOUTHSS-Weekend-1-Scb37d3c2,1,0,0,0,0,1,1,20260606,20260607
SPRING2026-SOUTHSS-Weekend-1-Sd88ed885,1,0,0,0,0,1,1,20260606,20260607
SPRING2026-SOUTHSS-Weekend-9,0,0,0,0,0,1,1,20260530,20260531
SPRING2026-SOUTHSS-Weekend-9-S0b87ffae,0,0,0,0,0,1,1,20260530,20260531
SPRING2026-SOUTHSS-Weekend-9-S4011ecb9,0,0,0,0,0,1,1,20260530,20260531
SPRING2026-SOUTHSS-Weekend-9-S85407dc6,0,0,0,0,0,1,1,20260530,20260531
SPRING2026-SOUTHSS-Weekend-9-Sb0e4ed14,0,0,0,0,0,1,1,20260530,20260531
SPRING2026-SOUTHSS-Weekend-9-Sb7371956,0,0,0,0,0,1,1,20260530,20260531
SPRING2026-SOUTHSS-Weekend-9-Sc9a3b080,0,0,0,0,0,1,1,20260530,20260531
SPRING2026-SOUTHSS-Weekend-9-Scb37d3c2,0,0,0,0,0,1,1,20260530,20260531
SPRING2026-SOUTHSS-Weekend-9-Sd88ed885,0,0,0,0,0,1,1,20260530,20260531
SPRING2026-SOUTHWKD-Weekday-5-5-S49,0,0,0,0,1,0,0,20260612,20260612
SPRING2026-SOUTHWKD-Weekday-6,1,1,1,1,1,0,0,20260526,20260605
SPRING2026-SOUTHWKD-Weekday-6-5-S49,0,0,0,0,1,0,0,20260529,20260605
SPRING2026-SOUTHWKD-Weekday-6-S0b87ffae,1,1,1,1,1,0,0,20260526,20260605
SPRING2026-SOUTHWKD-Weekday-6-S85407dc6,1,1,1,1,1,0,0,20260526,20260605
SPRING2026-SOUTHWKD-Weekday-6-Sb0e4ed14,1,1,1,1,1,0,0,20260526,20260605
SPRING2026-SOUTHWKD-Weekday-6-Sb7371956,1,1,1,1,1,0,0,20260526,20260605
SPRING2026-SOUTHWKD-Weekday-6-Sc9a3b080,1,1,1,1,1,0,0,20260526,20260605
SPRING2026-SOUTHWKD-Weekday-6-Scb37d3c2,1,1,1,1,1,0,0,20260526,20260605
SPRING2026-SOUTHWKD-Weekday-6-Sd88ed885,1,1,1,1,1,0,0,20260526,20260605
Spring/SummerSaturday,0,0,0,0,0,1,0,20260613,20260613
Spring/SummerWeekday,1,1,1,1,1,0,0,20260608,20260612
SpringSaturday,0,0,0,0,0,1,0,20260613,20260613
SpringSunday,0,0,0,0,0,0,1,20260517,20260607
SpringWeekday,0,0,0,0,1,0,0,20260515,20260612
canonical,0,0,0,0,0,0,0,20260514,20260613
fare_free_cr_fri_past_midnight,0,0,0,0,0,1,0,20260606,20260613
fare_free_cr_fridays,0,0,0,0,1,0,0,20260605,20260612
fare_regular,1,1,1,1,1,1,1,20260514,20260611
